1769027972316 0.16238 0
1769027972730 0.51128 1
1769027973075 0.65259 2
1769027973402 0.73912 3
1769027973868 0.78279 4
1769027974294 0.81982 5
1769027974627 0.82211 6
1769027975109 0.74028 7
1769027975433 0.78017 8
1769027975758 0.79834 9
1769027976132 0.71206 10
1769027976501 0.72871 11
1769027976878 0.78604 12
1769027977204 0.58673 13
1769027977597 0.83865 14
1769027978028 0.83865 15
1769027978331 0.92744 16
1769027978632 0.84612 17
1769027979031 0.84612 18
1769027979543 0.86909 19
1769027980021 0.71574 20
1769027980314 0.71574 21
1769027980749 0.79252 22
1769027981047 0.79252 23
1769027981348 0.84153 24
1769027981647 0.84153 25
1769027982039 0.83626 26
1769027982413 0.83626 27
1769027982731 0.85821 28
1769027983110 0.85821 29
1769027983491 0.89453 30
1769027983796 0.89453 31
1769027984204 0.91168 32
1769027984594 0.91168 33
1769027984949 0.91155 34
1769027985251 0.91155 35
1769027985600 0.93492 36
1769027985900 0.93492 37
1769027986201 0.93311 38
1769027986563 0.93311 39
1769027987938 0.92795 40
1769027988286 0.92795 41
1769027988626 0.93779 42
1769027988944 0.93779 43
1769027989273 0.93779 44
1769027989597 0.93779 45
1769027990107 0.93779 46
1769027990417 0.93779 47
1769027990754 0.93671 48
1769027991052 0.93671 49
1769027992641 0.9459140555555555 49
