1769027972316 0.00333 0
1769027972730 0.00333 1
1769027973075 0.00333 2
1769027973402 0.00333 3
1769027973868 0.00333 4
1769027974294 0.00333 5
1769027974627 0.00819 6
1769027975109 0.00333 7
1769027975433 0.00333 8
1769027975758 0.0079 9
1769027976132 1.0 10
1769027976501 1.0 11
1769027976878 1.0 12
1769027977204 0.95334 13
1769027977597 1.0 14
1769027978028 1.0 15
1769027978331 1.0 16
1769027978632 1.0 17
1769027979031 1.0 18
1769027979543 0.98215 19
1769027980021 0.72627 20
1769027980314 0.72627 21
1769027980749 1.0 22
1769027981047 1.0 23
1769027981348 0.98524 24
1769027981647 0.98524 25
1769027982039 0.97989 26
1769027982413 0.97989 27
1769027982731 0.97662 28
1769027983110 0.97662 29
1769027983491 0.98036 30
1769027983796 0.98036 31
1769027984204 0.97823 32
1769027984594 0.97823 33
1769027984949 0.94095 34
1769027985251 0.94095 35
1769027985600 0.98406 36
1769027985900 0.98406 37
1769027986201 1.0 38
1769027986563 1.0 39
1769027987938 1.0 40
1769027988286 1.0 41
1769027988626 1.0 42
1769027988944 1.0 43
1769027989273 1.0 44
1769027989597 1.0 45
1769027990107 0.98266 46
1769027990417 0.98266 47
1769027990754 0.98032 48
1769027991052 0.98032 49
1769027992641 0.9826736515013123 49
