1769027972316 1.0 0
1769027972730 1.0 1
1769027973075 1.0 2
1769027973402 1.0 3
1769027973868 1.0 4
1769027974294 1.0 5
1769027974627 1.0 6
1769027975109 1.0 7
1769027975433 1.0 8
1769027975758 1.0 9
1769027976132 0.50948 10
1769027976501 0.28111 11
1769027976878 0.34627 12
1769027977204 0.5 13
1769027977597 0.34965 14
1769027978028 0.34965 15
1769027978331 0.49401 16
1769027978632 0.84631 17
1769027979031 0.84631 18
1769027979543 1.0 19
1769027980021 0.875 20
1769027980314 0.875 21
1769027980749 0.83249 22
1769027981047 0.83249 23
1769027981348 1.0 24
1769027981647 1.0 25
1769027982039 1.0 26
1769027982413 1.0 27
1769027982731 1.0 28
1769027983110 1.0 29
1769027983491 1.0 30
1769027983796 1.0 31
1769027984204 1.0 32
1769027984594 1.0 33
1769027984949 1.0 34
1769027985251 1.0 35
1769027985600 1.0 36
1769027985900 1.0 37
1769027986201 0.9995 38
1769027986563 0.9995 39
1769027987938 0.99049 40
1769027988286 0.99049 41
1769027988626 0.98783 42
1769027988944 0.98783 43
1769027989273 0.99211 44
1769027989597 0.99211 45
1769027990107 1.0 46
1769027990417 1.0 47
1769027990754 1.0 48
1769027991052 1.0 49
1769027992641 1.0 49
