1769027970694 0.47483 0
1769027972586 0.55143 1
1769027972913 0.4526 2
1769027973261 0.65291 3
1769027973636 0.5068 4
1769027974131 0.56483 5
1769027974495 0.69574 6
1769027974985 0.52027 7
1769027975300 0.54751 8
1769027975609 0.53044 9
1769027975958 0.55238 10
1769027976310 0.55134 11
1769027976699 0.50462 12
1769027977060 0.55394 13
1769027977384 0.53984 14
1769027977782 0.55072 15
1769027978197 0.6273 16
1769027978503 0.56398 17
1769027978822 0.56024 18
1769027979223 0.66158 19
1769027979776 0.48476 20
1769027980187 0.63648 21
1769027980526 0.57501 22
1769027980914 0.4745 23
1769027981223 0.58214 24
1769027981520 0.48801 25
1769027981836 0.52428 26
1769027982200 0.58567 27
1769027982604 0.53899 28
1769027982905 0.54884 29
1769027983286 0.46639 30
1769027983657 0.43326 31
1769027984021 0.55133 32
1769027984370 0.4333 33
1769027984766 0.49341 34
1769027985116 0.47609 35
1769027985424 0.45252 36
1769027985766 0.48001 37
1769027986071 0.47084 38
1769027986373 0.44477 39
1769027987764 0.33057 40
1769027988134 0.35027 41
1769027988476 0.29997 42
1769027988794 0.33228 43
1769027989129 0.28741 44
1769027989442 0.30169 45
1769027989775 0.28375 46
1769027990272 0.26694 47
1769027990592 0.31339 48
1769027990917 0.24913 49
