1769027970694 3.1128 0
1769027972586 3.32463 1
1769027972913 2.91527 2
1769027973261 2.54494 3
1769027973636 2.04587 4
1769027974131 1.80936 5
1769027974495 1.62907 6
1769027974985 1.37261 7
1769027975300 1.2664 8
1769027975609 1.13844 9
1769027975958 1.31757 10
1769027976310 1.33644 11
1769027976699 1.20723 12
1769027977060 1.18665 13
1769027977384 1.50126 14
1769027977782 1.87586 15
1769027978197 1.41341 16
1769027978503 1.42532 17
1769027978822 1.25539 18
1769027979223 1.35942 19
1769027979776 1.1414 20
1769027980187 1.34699 21
1769027980526 1.3407 22
1769027980914 1.17166 23
1769027981223 1.33172 24
1769027981520 1.11559 25
1769027981836 1.23857 26
1769027982200 1.10596 27
1769027982604 1.0862 28
1769027982905 1.14264 29
1769027983286 1.05423 30
1769027983657 1.06892 31
1769027984021 1.03652 32
1769027984370 1.00447 33
1769027984766 1.06784 34
1769027985116 1.16963 35
1769027985424 1.10133 36
1769027985766 1.00555 37
1769027986071 1.04178 38
1769027986373 0.92608 39
1769027987764 1.23251 40
1769027988134 1.25377 41
1769027988476 1.22822 42
1769027988794 1.24782 43
1769027989129 1.17348 44
1769027989442 1.19137 45
1769027989775 1.17239 46
1769027990272 1.18808 47
1769027990592 1.21411 48
1769027990917 1.15422 49
