1769027970694 0.96266 0
1769027972586 0.95367 1
1769027972913 0.89961 2
1769027973261 1.00134 3
1769027973636 1.00497 4
1769027974131 0.98546 5
1769027974495 1.09369 6
1769027974985 0.90932 7
1769027975300 0.91171 8
1769027975609 0.91778 9
1769027975958 0.9701 10
1769027976310 0.9383 11
1769027976699 0.90414 12
1769027977060 0.96878 13
1769027977384 0.92013 14
1769027977782 0.98033 15
1769027978197 0.96812 16
1769027978503 0.98373 17
1769027978822 0.95285 18
1769027979223 1.03704 19
1769027979776 0.91811 20
1769027980187 1.05809 21
1769027980526 1.00012 22
1769027980914 0.88584 23
1769027981223 0.98057 24
1769027981520 0.87831 25
1769027981836 0.93984 26
1769027982200 1.00402 27
1769027982604 0.93941 28
1769027982905 0.98526 29
1769027983286 0.96914 30
1769027983657 0.91546 31
1769027984021 0.96325 32
1769027984370 0.92646 33
1769027984766 0.91352 34
1769027985116 0.89297 35
1769027985424 0.91536 36
1769027985766 0.9531 37
1769027986071 0.96906 38
1769027986373 0.87971 39
1769027987764 0.7931 40
1769027988134 0.86252 41
1769027988476 0.827 42
1769027988794 0.80492 43
1769027989129 0.7797 44
1769027989442 0.79603 45
1769027989775 0.78872 46
1769027990272 0.74859 47
1769027990592 0.82912 48
1769027990917 0.78504 49
