1769027970694 6.000000000000001e-05 0
1769027972586 0.000137228 1
1769027972913 0.000211288 2
1769027973261 0.00028218 3
1769027973636 0.000349904 4
1769027974131 0.00041446 5
1769027974495 0.00047584799999999996 6
1769027974985 0.0005340680000000001 7
1769027975300 0.00058912 8
1769027975609 0.0006410040000000001 9
1769027975958 0.0006897200000000001 10
1769027976310 0.0007352680000000001 11
1769027976699 0.000777648 12
1769027977060 0.0008168600000000001 13
1769027977384 0.000852904 14
1769027977782 0.00088578 15
1769027978197 0.0009154879999999999 16
1769027978503 0.0009420279999999998 17
1769027978822 0.0009654000000000002 18
1769027979223 0.000985604 19
1769027979776 0.0010026400000000002 20
1769027980187 0.0010165080000000002 21
1769027980526 0.0010272080000000002 22
1769027980914 0.0010347400000000001 23
1769027981223 0.0010391040000000001 24
1769027981520 0.00101 25
1769027981836 0.0009704 26
1769027982200 0.0009308 27
1769027982604 0.0008911999999999999 28
1769027982905 0.0008516000000000001 29
1769027983286 0.0008120000000000001 30
1769027983657 0.0007724 31
1769027984021 0.0007328 32
1769027984370 0.0006931999999999999 33
1769027984766 0.0006536 34
1769027985116 0.0006140000000000001 35
1769027985424 0.0005744000000000001 36
1769027985766 0.0005348000000000001 37
1769027986071 0.0004952 38
1769027986373 0.00045559999999999996 39
1769027987764 0.0004159999999999999 40
1769027988134 0.00037640000000000015 41
1769027988476 0.0003368000000000001 42
1769027988794 0.0002972 43
1769027989129 0.00025760000000000003 44
1769027989442 0.00021799999999999996 45
1769027989775 0.00017839999999999992 46
1769027990272 0.0001388000000000001 47
1769027990592 9.920000000000008e-05 48
1769027990917 5.9600000000000046e-05 49
